1.360056116141773863e+01
1.349698848180508648e+01
1.349261169660278625e+01
1.349964155554273759e+01
1.349964155554273759e+01
1.349964155554273759e+01
1.349964155554273759e+01
1.349964155554273759e+01
1.349964155554273759e+01
1.349964155554273759e+01
1.349964155554273759e+01
1.349964155554273759e+01
1.319184640340880321e+01
1.308828680565262204e+01
1.299022945774984628e+01
1.278864080648465062e+01
1.278557096409890015e+01
1.280602482119061314e+01
1.280602482119061314e+01
1.280602482119061314e+01
1.280602482119061314e+01
1.280602482119061314e+01
1.280602482119061314e+01
1.270535571622533411e+01
1.269210145601376638e+01
1.270743377578277133e+01
1.270743377578277133e+01
1.270743377578277133e+01
1.270743377578277133e+01
1.270743377578277133e+01
1.270743377578277133e+01
1.260662063625153095e+01
1.259097569971402564e+01
1.250743472841415738e+01
1.248917446227593686e+01
1.250916330004998223e+01
1.250916330004998223e+01
1.250916330004998223e+01
1.250916330004998223e+01
1.250916330004998223e+01
1.250916330004998223e+01
1.250916330004998223e+01
1.250916330004998223e+01
1.250916330004998223e+01
1.250916330004998223e+01
1.250916330004998223e+01
1.250916330004998223e+01
1.250916330004998223e+01
1.240769770068702016e+01
1.238664973005767678e+01
1.210212962264161973e+01
1.192094502673525014e+01
1.186186286513394705e+01
1.186719353466394011e+01
1.180140107014470807e+01
1.176421730292015511e+01
1.180704110885038816e+01
1.180704110885038816e+01
1.180704110885038816e+01
1.180704110885038816e+01
1.180704110885038816e+01
1.180704110885038816e+01
1.180704110885038816e+01
1.201494264496280628e+01
1.209893499511919757e+01
1.200649713885975345e+01
1.211006226689986676e+01
1.234119060411948965e+01
1.238005586833448923e+01
1.230897413757715952e+01
1.230897413757715952e+01
1.230897413757715952e+01
1.230897413757715952e+01
1.230897413757715952e+01
1.251258395508907562e+01
1.266080584905360773e+01
1.263223991431999593e+01
1.260851720624323136e+01
1.260851720624323136e+01
1.250743472841415738e+01
1.248917446227593686e+01
1.250916330004998223e+01
1.250916330004998223e+01
1.250916330004998223e+01
1.250916330004998223e+01
1.250916330004998223e+01
1.250916330004998223e+01
1.250916330004998223e+01
1.250916330004998223e+01
1.281196876546853858e+01
1.287666960070180266e+01
1.280602482119061314e+01
1.280602482119061314e+01
1.280602482119061314e+01
1.280602482119061314e+01
1.280602482119061314e+01
1.280602482119061314e+01
1.280602482119061314e+01
1.280602482119061314e+01
1.280602482119061314e+01
1.280602482119061314e+01
1.280602482119061314e+01
1.280602482119061314e+01
1.280602482119061314e+01
1.280602482119061314e+01
1.280602482119061314e+01
1.280602482119061314e+01
1.280602482119061314e+01
1.280602482119061314e+01
1.280602482119061314e+01
1.280602482119061314e+01
1.280602482119061314e+01
1.280602482119061314e+01
1.280602482119061314e+01
1.270535571622533411e+01
1.269210145601376638e+01
1.270743377578277133e+01
1.270743377578277133e+01
1.270743377578277133e+01
1.270743377578277133e+01
1.280813444465312045e+01
1.282498042657079829e+01
1.280602482119061314e+01
1.300733014983294211e+01
1.303740968077397611e+01
1.300283347268413436e+01
1.300283347268413436e+01
1.300283347268413436e+01
1.310374107964541679e+01
1.311504041099029472e+01
1.310137973582686222e+01
1.310137973582686222e+01
1.310137973582686222e+01
1.310137973582686222e+01
1.310137973582686222e+01
1.320259889805386955e+01
1.321264713315838435e+01
1.320022681450514490e+01
1.320022681450514490e+01
1.320022681450514490e+01
1.320022681450514490e+01
1.320022681450514490e+01
1.320022681450514490e+01
1.320022681450514490e+01
1.320022681450514490e+01
1.320022681450514490e+01
1.320022681450514490e+01
1.320022681450514490e+01
1.320022681450514490e+01
1.320022681450514490e+01
1.320022681450514490e+01
1.320022681450514490e+01
1.320022681450514490e+01
1.320022681450514490e+01
1.320022681450514490e+01
1.320022681450514490e+01
1.320022681450514490e+01
1.320022681450514490e+01
1.330186302412361066e+01
1.331094453871427241e+01
1.329949996185745675e+01
1.340164280758967763e+01
1.341001657355701937e+01
1.350200905198034818e+01
1.350989960118552524e+01
1.349964155554273759e+01
1.349964155554273759e+01
1.349964155554273759e+01
1.349964155554273759e+01
1.349964155554273759e+01
1.370676557202176937e+01
1.372401055794414759e+01
1.391180833285985941e+01
1.403458690960512634e+01
1.401931265365043267e+01
1.400853585365409693e+01
1.400853585365409693e+01
1.400853585365409693e+01
1.400853585365409693e+01
1.400853585365409693e+01
1.400853585365409693e+01
1.400853585365409693e+01
1.400853585365409693e+01
1.400853585365409693e+01
1.400853585365409693e+01
1.400853585365409693e+01
1.400853585365409693e+01
1.400853585365409693e+01
1.390251667822453996e+01
1.368943277900910971e+01
1.369034947258002965e+01
1.370200697464485984e+01
1.370200697464485984e+01
1.359779301865340173e+01
1.359344750618616793e+01
1.360056116141773863e+01
1.360056116141773863e+01
1.360056116141773863e+01
1.360056116141773863e+01
1.349698848180508648e+01
1.349261169660278625e+01
1.349964155554273759e+01
1.349964155554273759e+01
1.349964155554273759e+01
1.349964155554273759e+01
1.349964155554273759e+01
1.349964155554273759e+01
1.349964155554273759e+01
1.349964155554273759e+01
1.349964155554273759e+01
1.349964155554273759e+01
1.349964155554273759e+01
1.349964155554273759e+01
1.349964155554273759e+01
1.349964155554273759e+01
1.349964155554273759e+01
1.349964155554273759e+01
1.349964155554273759e+01
1.349964155554273759e+01
1.349964155554273759e+01
1.349964155554273759e+01
1.349964155554273759e+01
1.349964155554273759e+01
1.349964155554273759e+01
1.349964155554273759e+01
1.349964155554273759e+01
1.349964155554273759e+01
1.349964155554273759e+01
1.349964155554273759e+01
1.349964155554273759e+01
1.349964155554273759e+01
1.349964155554273759e+01
1.349964155554273759e+01
1.349964155554273759e+01
1.349964155554273759e+01
1.349964155554273759e+01
1.349964155554273759e+01
1.381098787709062492e+01
1.455830503954483746e+01
1.491653889452095605e+01
1.485462452490639684e+01
1.481824978359990475e+01
1.481824978359990475e+01
1.471028138200304980e+01
1.470738871526125635e+01
1.461089723969450382e+01
1.460728196252834366e+01
1.461889370292268175e+01
1.461889370292268175e+01
1.461889370292268175e+01
1.505533790904636859e+01
1.560750647994768414e+01
1.607113610322407737e+01
1.596361848869775635e+01
1.496257069235367965e+01
1.598742749319748313e+01
1.590290261558774887e+01
1.598362615691017474e+01
1.598362615691017474e+01
1.598362615691017474e+01
1.598362615691017474e+01
1.598362615691017474e+01
1.598362615691017474e+01
1.598362615691017474e+01
1.598362615691017474e+01
1.598362615691017474e+01
1.577449548224332965e+01
1.549489477723683528e+01
1.529515557280890370e+01
1.529519945976940853e+01
1.530707875423902564e+01
1.530707875423902564e+01
1.530707875423902564e+01
1.552280691438831717e+01
1.550845917569913546e+01
1.550032526089950480e+01
1.550032526089950480e+01
1.550032526089950480e+01
1.550032526089950480e+01
1.550032526089950480e+01
1.528805710248183303e+01
1.519245268999954490e+01
1.520247081096661645e+01
1.521014279212978693e+01
1.521014279212978693e+01
1.521014279212978693e+01
1.521014279212978693e+01
1.521014279212978693e+01
1.499603091859865245e+01
1.499661006397645835e+01
1.501518912921181936e+01
1.501518912921181936e+01
1.501518912921181936e+01
1.501518912921181936e+01
1.501518912921181936e+01
1.501518912921181936e+01
1.501518912921181936e+01
1.501518912921181936e+01
1.501518912921181936e+01
1.501518912921181936e+01
1.501518912921181936e+01
1.523215619266090037e+01
1.533745973468228385e+01
1.531402919788089889e+01
1.530707875423902564e+01
1.574052191925927247e+01
1.580845502245335510e+01
1.578941223347120371e+01
1.578991555526450874e+01
1.578991555526450874e+01
1.578991555526450874e+01
1.578991555526450874e+01
1.578991555526450874e+01
1.578991555526450874e+01
1.578991555526450874e+01
1.600306496068801465e+01
1.597735159596075682e+01
1.598362615691017474e+01
1.598362615691017474e+01
1.651937090543347253e+01
1.643340569304900711e+01
1.700984236733278721e+01
1.693938540325782327e+01
1.697252284643495557e+01
1.697252284643495557e+01
1.645770575880839459e+01
1.649835041658655399e+01
1.647307977782230992e+01
1.647307977782230992e+01
1.647307977782230992e+01
1.647307977782230992e+01
1.647307977782230992e+01
1.647307977782230992e+01
1.647307977782230992e+01
1.647307977782230992e+01
1.647307977782230992e+01
1.647307977782230992e+01
1.647307977782230992e+01
1.647307977782230992e+01
1.647307977782230992e+01
1.596155006469390791e+01
1.557710634478199907e+01
1.549169837746201850e+01
1.528805710248183303e+01
1.529519945976940853e+01
1.530707875423902564e+01
1.520003823520094599e+01
1.520247081096661645e+01
1.499603091859865245e+01
1.499661006397645835e+01
1.501518912921181936e+01
1.501518912921181936e+01
1.501518912921181936e+01
1.501518912921181936e+01
1.480017913001767837e+01
1.458971454837528725e+01
1.459698633102668275e+01
1.461889370292268175e+01
1.461889370292268175e+01
1.461889370292268175e+01
1.461889370292268175e+01
1.461889370292268175e+01
1.461889370292268175e+01
1.461889370292268175e+01
1.461889370292268175e+01
1.461889370292268175e+01
1.461889370292268175e+01
1.461889370292268175e+01
1.461889370292268175e+01
1.461889370292268175e+01
1.461889370292268175e+01
1.461889370292268175e+01
1.451095395066578142e+01
1.450676645976566270e+01
1.451828228487922701e+01
1.451828228487922701e+01
1.451828228487922701e+01
1.451828228487922701e+01
1.430308687874804008e+01
1.429549658712713978e+01
1.420808374955641362e+01
1.420308528031310935e+01
1.399984430542187042e+01
1.399285013148058354e+01
1.400853585365409693e+01
1.400853585365409693e+01
1.400853585365409693e+01
1.379693811164906059e+01
1.379107700138900761e+01
1.380389816916624923e+01
1.380389816916624923e+01
1.380389816916624923e+01
1.380389816916624923e+01
1.380389816916624923e+01
1.380389816916624923e+01
1.369905014614710126e+01
1.359093912591771058e+01
1.359344750618616793e+01
1.349698848180508648e+01
1.349261169660278625e+01
1.349964155554273759e+01
1.349964155554273759e+01
1.349964155554273759e+01
1.349964155554273759e+01
1.349964155554273759e+01
1.349964155554273759e+01
1.349964155554273759e+01
1.349964155554273759e+01
1.370676557202176937e+01
1.382807344181556530e+01
1.381402125956703664e+01
1.380389816916624923e+01
1.380389816916624923e+01
1.380389816916624923e+01
1.380389816916624923e+01
1.380389816916624923e+01
1.380389816916624923e+01
1.369905014614710126e+01
1.369461927858559847e+01
1.370200697464485984e+01
1.370200697464485984e+01
1.370200697464485984e+01
1.370200697464485984e+01
1.359779301865340173e+01
1.359344750618616793e+01
1.360056116141773863e+01
1.360056116141773863e+01
1.360056116141773863e+01
1.360056116141773863e+01
1.360056116141773863e+01
1.360056116141773863e+01
1.360056116141773863e+01
1.360056116141773863e+01
1.360056116141773863e+01
1.360056116141773863e+01
1.349698848180508648e+01
1.349261169660278625e+01
1.349964155554273759e+01
1.349964155554273759e+01
1.349964155554273759e+01
1.349964155554273759e+01
1.349964155554273759e+01
1.349964155554273759e+01
1.349964155554273759e+01
1.349964155554273759e+01
1.349964155554273759e+01
1.349964155554273759e+01
1.349964155554273759e+01
1.349964155554273759e+01
1.349964155554273759e+01
1.349964155554273759e+01
1.349964155554273759e+01
1.349964155554273759e+01
1.349964155554273759e+01
1.370676557202176937e+01
1.372401055794414759e+01
1.370200697464485984e+01
1.370200697464485984e+01
1.370200697464485984e+01
1.370200697464485984e+01
1.370200697464485984e+01
1.328743862092062145e+01
1.329851940511999331e+01
1.329949996185745675e+01
1.329949996185745675e+01
1.329949996185745675e+01
1.350413861507912472e+01
1.352279722899109338e+01
1.349964155554273759e+01
1.349964155554273759e+01
1.349964155554273759e+01
1.360298876981556759e+01
1.361057910055142273e+01
1.370456344467367060e+01
1.371199010844696353e+01
1.370200697464485984e+01
1.370200697464485984e+01
1.370200697464485984e+01
1.370200697464485984e+01
1.370200697464485984e+01
1.370200697464485984e+01
1.370200697464485984e+01
1.370200697464485984e+01
1.370200697464485984e+01
1.370200697464485984e+01
1.380667075309700920e+01
1.381402125956703664e+01
1.380389816916624923e+01
1.380389816916624923e+01
1.401500642906448135e+01
1.456465674296102009e+01
1.490759262175914834e+01
1.507660638192374236e+01
1.536782731000931967e+01
1.532824513937102218e+01
1.520003823520094599e+01
1.499261323986674199e+01
1.499661006397645835e+01
1.501518912921181936e+01
1.501518912921181936e+01
1.480017913001767837e+01
1.479709359279618397e+01
1.481824978359990475e+01
1.503561950970232175e+01
1.536782731000931967e+01
1.555053810899728717e+01
1.550845917569913546e+01
1.550032526089950480e+01
1.550032526089950480e+01
1.604080369947901730e+01
1.652694342374599401e+01
1.643340569304900711e+01
1.647307977782230992e+01
1.647307977782230992e+01
1.647307977782230992e+01
1.647307977782230992e+01
1.647307977782230992e+01
1.657873218997784193e+01
1.678424570905671587e+01
1.675942072828649287e+01
1.656253026916992965e+01
1.658284050682231481e+01
1.626167998939885706e+01
1.629151422793846393e+01
1.627622672166324591e+01
1.627622672166324591e+01
1.627622672166324591e+01
1.627622672166324591e+01
1.627622672166324591e+01
1.627622672166324591e+01
1.627622672166324591e+01
1.627622672166324591e+01
1.627622672166324591e+01
1.627622672166324591e+01
1.627622672166324591e+01
1.627622672166324591e+01
1.627622672166324591e+01
1.627622672166324591e+01
1.627622672166324591e+01
1.627622672166324591e+01
1.627622672166324591e+01
1.627622672166324591e+01
1.627622672166324591e+01
1.627622672166324591e+01
1.627622672166324591e+01
1.627622672166324591e+01
1.617167887449906161e+01
1.618307192303491959e+01
1.617836695754343879e+01
1.607373004230665714e+01
1.608481915767450232e+01
1.597606104028344909e+01
1.598667786683858338e+01
1.598362615691017474e+01
1.598362615691017474e+01
1.598362615691017474e+01
1.598362615691017474e+01
1.598362615691017474e+01
1.598362615691017474e+01
1.598362615691017474e+01
1.577449548224332965e+01
1.579176766047607572e+01
1.578991555526450874e+01
1.578991555526450874e+01
1.578991555526450874e+01
1.578991555526450874e+01
1.578991555526450874e+01
1.578991555526450874e+01
1.578991555526450874e+01
1.578991555526450874e+01
1.578991555526450874e+01
1.578991555526450874e+01
1.578991555526450874e+01
1.578991555526450874e+01
1.600306496068801465e+01
1.597735159596075682e+01
1.598362615691017474e+01
1.598362615691017474e+01
1.598362615691017474e+01
1.598362615691017474e+01
1.598362615691017474e+01
1.598362615691017474e+01
1.598362615691017474e+01
1.630327833939897886e+01
1.625794521791234004e+01
1.627622672166324591e+01
1.627622672166324591e+01
1.627622672166324591e+01
1.627622672166324591e+01
