1.357069500957056363e+01
1.354204645967868537e+01
1.351333578823635406e+01
1.351797575957941078e+01
1.350532499669126274e+01
1.344307641651328211e+01
1.343164813916431832e+01
1.342023795763586236e+01
1.337467930699632390e+01
1.336237708904390686e+01
1.335000920284919879e+01
1.335449874142242699e+01
1.332603331286200010e+01
1.333110459627688016e+01
1.333566974278861217e+01
1.335665405998857125e+01
1.336142166847923640e+01
1.339990534227387009e+01
1.340469261810044266e+01
1.342619036202635741e+01
1.339771771951497037e+01
1.338607364844668801e+01
1.339087101671153235e+01
1.341195327395898929e+01
1.341649883782067576e+01
1.340461209373528639e+01
1.340946640993403349e+01
1.339789225489201918e+01
1.341961163047800198e+01
1.344040192491690178e+01
1.349463140339655709e+01
1.348235857569398632e+01
1.350298136337502974e+01
1.357381871009109986e+01
1.362807179260055790e+01
1.366488794688324582e+01
1.365203480333173047e+01
1.370595690111875520e+01
1.374275639323442810e+01
1.374619421539944497e+01
1.376655227473436405e+01
1.395323218087139416e+01
1.390626097006230744e+01
1.389229547943302556e+01
1.389511465636485354e+01
1.391477534355239065e+01
1.388357959138293296e+01
1.386912920513231029e+01
1.387184056632383289e+01
1.387425196522665338e+01
1.387605432576775222e+01
1.382730496015676103e+01
1.377896693345998891e+01
1.374824909483536395e+01
1.371737664278230540e+01
1.368514379321246466e+01
1.370246569323523822e+01
1.368747779165905420e+01
1.365569724090602044e+01
1.364029575957526141e+01
1.362473903950802523e+01
1.360913112821388893e+01
1.361060708338701275e+01
1.361229209564689491e+01
1.361350067240350725e+01
1.359786993911918174e+01
1.358220581882805256e+01
1.361643472634416341e+01
1.356742811433529106e+01
1.360215949966405802e+01
1.357025717018496280e+01
1.362163633409400632e+01
1.362263017710861313e+01
1.365705974049336291e+01
1.369142058850904142e+01
1.372611264766831951e+01
1.382783480934963549e+01
1.384635129958373589e+01
1.384797916764621206e+01
1.383293561280245498e+01
1.383491846933342373e+01
1.400316055737778242e+01
1.415496182804125169e+01
1.405631761600428398e+01
1.409105520654118493e+01
1.417676441071697191e+01
1.417873873378215599e+01
1.423017196795829697e+01
1.423196306079918649e+01
1.426719101132415091e+01
1.418570502841888903e+01
1.418770790584742691e+01
1.415622875953710569e+01
1.415779099120396367e+01
1.417670466084615200e+01
1.417896669329739368e+01
1.418099854847167052e+01
1.419922403026895985e+01
1.420041809804800970e+01
1.401785287249702350e+01
1.403484588581705950e+01
1.401947262760171320e+01
1.402187194649023994e+01
1.404076837478786466e+01
1.402538141509268144e+01
1.405977619049579985e+01
1.409370464022400782e+01
1.444406814676231932e+01
1.449385160643240589e+01
1.447696924852360212e+01
1.447695000728527148e+01
1.447781853644622174e+01
1.448021792010065667e+01
1.446569704718696947e+01
1.449921571132644971e+01
1.449840529372891496e+01
1.454754059215186679e+01
1.449646774060987120e+01
1.459582570818188252e+01
1.456183957570830678e+01
1.457853475684437505e+01
1.462893840454233008e+01
1.462929565856610203e+01
1.464632486476037165e+01
1.464702032543222288e+01
1.464765976489727883e+01
1.473145507208941396e+01
1.473097616058908343e+01
1.473018237463982594e+01
1.492933683615595086e+01
1.504480006855367158e+01
1.521004526221159381e+01
1.517622877245552004e+01
1.517616524577852744e+01
1.535988236676160845e+01
1.534394990012154558e+01
1.534455666805708596e+01
1.554515764003831357e+01
1.587888011822142253e+01
1.604596312359617372e+01
1.601285453355588118e+01
1.604596309852999170e+01
1.619525261839599750e+01
1.622744937666388410e+01
1.622598835872592815e+01
1.619151768729557617e+01
1.619001081201169612e+01
1.618849279536939889e+01
1.618784447958109141e+01
1.618707255005494972e+01
1.616974440785336498e+01
1.616841409267277996e+01
1.625087832424600265e+01
1.628311090071396450e+01
1.628177074853466877e+01
1.628056224367088589e+01
1.641169403892854106e+01
1.642540124789301359e+01
1.642239745596682354e+01
1.642002974746248256e+01
1.648375257158440732e+01
1.648010764826118546e+01
1.644306564415911964e+01
1.642322558433600577e+01
1.640406513472875005e+01
1.633440517774074152e+01
1.628146200755995920e+01
1.624602534732970938e+01
1.624361852192144084e+01
1.624162842054555611e+01
1.617302739113544874e+01
1.608809650590416496e+01
1.608599090422475797e+01
1.606693906992564180e+01
1.606477070495044401e+01
1.606215452598578963e+01
1.605930689647754761e+01
1.605684875304812564e+01
1.582177882692506898e+01
1.578716161395799844e+01
1.578531404274660233e+01
1.578321261726632052e+01
1.528200760977915884e+01
1.521483310368399700e+01
1.521419241478968409e+01
1.516355520274640512e+01
1.516292251133955560e+01
1.566198423271313445e+01
1.571072316093298227e+01
1.587618058922347863e+01
1.592461610330474286e+01
1.602270247084006627e+01
1.610462353542707703e+01
1.610286224246946318e+01
1.615112283453220243e+01
1.614900358111212597e+01
1.647965920832816877e+01
1.656035778482400289e+01
1.650797712978953413e+01
1.656814535196756211e+01
1.654414148606133139e+01
1.676345345139406717e+01
1.681254833604386789e+01
1.679109081542660320e+01
1.672769126026312136e+01
1.667947954729237381e+01
1.680313826459678950e+01
1.664181966717949379e+01
1.662369738651236162e+01
1.669117234150630580e+01
1.667395439846835004e+01
1.665717944066164335e+01
1.619802958835975915e+01
1.618193943656121547e+01
1.602397058364990556e+01
1.586658696429885040e+01
1.565265362477438948e+01
1.562522790306116782e+01
1.555549513692622021e+01
1.552929867936649799e+01
1.544595536883198861e+01
1.532092970039646573e+01
1.533863680906659077e+01
1.534323721597027834e+01
1.521880045766057954e+01
1.516576090446937819e+01
1.511264907730106799e+01
1.503141647475036002e+01
1.499315944695443648e+01
1.498406777110635169e+01
1.497478548777236362e+01
1.499468364816344135e+01
1.491516037815675588e+01
1.490681195869473008e+01
1.488483482421069759e+01
1.473390311239079331e+01
1.474157686658411137e+01
1.474900567226312553e+01
1.471419150327285941e+01
1.477965918947203150e+01
1.483103717915309261e+01
1.475392871626821290e+01
1.474878212595853633e+01
1.474343319767518956e+01
1.481001699900919455e+01
1.480469189817505438e+01
1.482831813196539805e+01
1.488022594223090600e+01
1.466035719265773452e+01
1.458371855637101078e+01
1.483595238998850796e+01
1.530341856464968764e+01
1.532829197235420438e+01
1.512530228589093539e+01
1.537955553783213958e+01
1.540570204786272868e+01
1.531775226109671806e+01
1.544442776983835941e+01
1.537063995528636262e+01
1.518270501271867090e+01
1.543781745815922690e+01
1.539289492188106934e+01
1.519029777011493287e+01
1.514470457236943624e+01
1.515643332416260058e+01
1.511096145175901562e+01
1.513735909782341160e+01
1.520635447755764957e+01
1.521887050450986933e+01
1.508851365539053724e+01
1.550213190533639285e+01
1.550144067977041828e+01
1.564393571474698419e+01
1.558649003707321157e+01
1.530008207431990108e+01
1.529945658564546562e+01
1.534195216746756074e+01
1.468381343783141979e+01
1.462503534846357134e+01
1.435198022468247636e+01
1.435106833112556579e+01
1.452118721700318105e+01
1.450610058333033336e+01
1.450587303170898501e+01
1.450584501890297418e+01
1.453543039677560600e+01
1.456615717442589641e+01
1.442565584201778961e+01
1.446990358498024420e+01
1.447066994491836489e+01
1.444303384128136081e+01
1.444320501037458016e+01
1.454364445944066020e+01
1.454459469779190606e+01
1.451795937886508270e+01
1.440640715908932101e+01
1.433794221591462126e+01
1.416875848791599068e+01
1.417153299760466822e+01
1.417444790812559674e+01
1.424883690226737976e+01
1.426579376406564847e+01
1.431137860057944700e+01
1.431386338540592185e+01
1.438860644935457245e+01
1.440546224321377622e+01
1.433701389357157652e+01
1.441156576997254746e+01
1.441549045663646922e+01
1.434744853521259778e+01
1.429330033489695317e+01
1.431069139030265625e+01
1.415665871196322456e+01
1.415907510354524490e+01
1.420519405644797040e+01
1.437921171826560496e+01
1.435381367579807232e+01
1.427126885530134182e+01
1.433130588982375997e+01
1.430566752669804842e+01
1.428014738344642964e+01
1.428291609470931434e+01
1.437090746786219597e+01
1.461602572943476908e+01
1.469013379892421334e+01
1.470712313071167721e+01
1.466695740658062341e+01
1.456963695963045602e+01
1.467212607873118024e+01
1.474627362937984465e+01
1.467729577092102922e+01
1.449455967982823346e+01
1.448296809359505133e+01
1.438550765888530414e+01
1.431714506643488605e+01
1.412054257689741732e+01
1.412348679783907102e+01
1.396904701034832108e+01
1.398628333880403929e+01
1.396121429449570250e+01
1.392157586087391863e+01
1.398220524252550767e+01
1.398544410273063932e+01
1.398888181743018144e+01
1.399174755152776939e+01
1.399624552557606627e+01
1.380014756542149534e+01
1.383269539138532700e+01
1.375034896814705476e+01
1.382505790700654202e+01
1.391429394848233159e+01
1.380396621348185526e+01
1.370823622009124421e+01
1.375541647511774279e+01
1.370278142245237696e+01
1.369323227627439188e+01
1.368336191583473926e+01
1.367256482572959619e+01
1.366200354791004656e+01
1.363807465756512372e+01
1.368571291617010743e+01
1.367541479564715345e+01
1.363708545124524107e+01
1.359768530592625879e+01
1.358748274728229077e+01
1.355874212327815442e+01
1.353063249147661296e+01
1.350243644000105192e+01
1.350756782871336625e+01
1.349538632672919114e+01
1.343358584995530869e+01
1.342258547243576672e+01
1.341158389807776352e+01
1.336641543179509206e+01
1.335448580601273783e+01
1.334247371297772489e+01
1.334730300311487916e+01
1.331916200778776371e+01
1.332454309676074189e+01
1.332940408067127969e+01
1.335067089689117026e+01
1.335570826740848993e+01
1.339444954050751235e+01
1.339948280129514302e+01
1.342121543949303764e+01
1.339296710060887641e+01
1.338153722002196844e+01
1.338653912159230863e+01
1.340781669038110024e+01
1.341254875980033745e+01
1.340084011232285732e+01
1.340586449531299174e+01
1.339445273928504143e+01
1.341632719182375588e+01
1.343726557128279708e+01
1.349163645809428047e+01
1.347949866306611710e+01
1.350025039522251369e+01
1.357121087271264770e+01
1.362558153441641551e+01
1.366250996661693939e+01
1.364976403872469035e+01
1.370378851815374510e+01
1.374068577584486306e+01
1.374421695564268120e+01
1.376466416340804244e+01
1.395142919855286401e+01
1.390453927855205940e+01
1.389065141358390676e+01
1.389354471627968124e+01
1.391327618713335035e+01
1.388214802721690155e+01
1.386776218569695551e+01
1.387053518150002951e+01
1.387300543610340497e+01
1.387486399872642906e+01
1.382616830122205975e+01
1.377788152290559331e+01
1.374721262203281036e+01
1.371638690128211557e+01
1.368419867604703022e+01
1.370156318843350363e+01
1.368661597796341312e+01
1.365487428368234113e+01
1.363950990690729981e+01
1.362398861846793352e+01
1.360841454130088479e+01
1.360992280512660102e+01
1.361163866934343680e+01
1.361287670703919339e+01
1.359727410639282041e+01
1.358163685032738677e+01
1.361589141084565213e+01
1.356690929522566513e+01
1.360166407247810128e+01
1.356978408025432969e+01
1.362118457430203122e+01
1.362219878574635601e+01
1.365664779921232075e+01
1.369102722036615738e+01
1.372573701525914913e+01
1.382747611302566071e+01
1.384600877575008759e+01
1.384765208713610996e+01
1.383262327932495772e+01
1.383462021799116393e+01
1.400287575325152467e+01
1.415468986483827152e+01
1.405605791476769539e+01
1.409080721441744544e+01
1.417652759977897148e+01
1.417851259990535695e+01
1.422995602974755336e+01
1.423175685856394956e+01
1.426699410609987062e+01
1.418551700103255087e+01
1.418752835602520967e+01
1.415605730505227733e+01
1.415762726706319619e+01
1.417654831851251629e+01
1.417881739994839840e+01
1.418085598629074440e+01
1.419908789576888175e+01
1.420028810142484410e+01
1.401772873701318289e+01
1.403472734721218629e+01
1.401935943353011993e+01
1.402176385598371056e+01
1.404066515774268531e+01
1.402528285177978873e+01
1.405968207109302881e+01
1.409361476436940919e+01
1.444398232312764208e+01
1.449376965231578218e+01
1.447689098946062103e+01
1.447687527667757124e+01
1.447774717520684007e+01
1.448014977631536304e+01
1.446563197579086690e+01
1.449915357379515868e+01
1.449834595778369284e+01
1.454748393147799845e+01
1.449641363458777654e+01
1.459577404163033698e+01
1.456179023863924904e+01
1.457848764422875831e+01
1.462889341608653559e+01
1.462925269849844057e+01
1.464628384162719144e+01
1.464698115190323513e+01
1.464762235757964071e+01
1.473141935135020475e+01
1.473094205038577975e+01
1.473014980235842586e+01
1.492930573245638648e+01
1.504477036722220085e+01
1.521001690001984841e+01
1.517620168902589128e+01
1.517613938345565217e+01
1.535985767048962103e+01
1.534392631732687207e+01
1.534453414853653364e+01
1.554513613585219289e+01
1.587885958359149541e+01
1.604594351480819370e+01
1.601283580886654789e+01
1.604594521807807084e+01
1.619523554411748023e+01
1.622743307221094256e+01
1.622597278938954801e+01
1.619150281993165663e+01
1.618999661497050369e+01
1.618847923842819370e+01
1.618783153387977336e+01
1.618706018803463209e+01
1.616973260319770489e+01
1.616840282025195563e+01
1.625086756006322020e+01
1.628310062185436280e+01
1.628176093311655492e+01
1.628055287079913782e+01
1.641168508865013465e+01
1.642539270115454286e+01
1.642238929457393581e+01
1.642002195404116094e+01
1.648374512954396565e+01
1.648010054175896855e+01
1.644305885806675960e+01
1.642321910420723086e+01
1.640405894676862530e+01
1.633439926877629489e+01
1.628145636501215421e+01
1.624601995918665764e+01
1.624361337671283323e+01
1.624162350731824134e+01
1.617302269943012050e+01
1.608809202573308283e+01
1.608598662605051999e+01
1.606693498464083802e+01
1.606476680385829781e+01
1.606215080078163382e+01
1.605930333923114262e+01
1.605684535618678410e+01
1.582177558321753175e+01
1.578715851649904245e+01
1.578531108494234303e+01
1.578320979282016090e+01
1.528200491267840277e+01
1.521483052818703996e+01
1.521418995541379360e+01
1.516355285425604649e+01
1.516292026873524890e+01
1.566198209122081053e+01
1.571072111599382026e+01
1.587617863648419814e+01
1.592461423860834202e+01
1.602270069021696841e+01
1.610462183508667877e+01
1.610286061879207153e+01
1.615112128406132186e+01
1.614900210054710783e+01
1.647965779451717694e+01
1.656035643475730623e+01
1.650797584059310452e+01
1.656814412089694599e+01
1.654414031049582334e+01
1.676345232883111436e+01
1.681254726409375166e+01
1.679108979180735162e+01
1.672769028279564196e+01
1.667947861389583508e+01
1.680313737328416579e+01
1.664181881605335889e+01
1.662369657376083154e+01
1.669117156539918767e+01
1.667395365735346147e+01
1.665717873296129525e+01
1.619802891256739841e+01
1.618193879123820977e+01
1.602396996742248803e+01
1.586658637585519038e+01
1.565265306286180547e+01
1.562522736648345578e+01
1.555549462454111165e+01
1.552929819008322454e+01
1.544595490160896034e+01
1.532092925423905605e+01
1.533863638302501720e+01
1.534323680913758103e+01
1.521880006917069039e+01
