14.70
14.70
14.60
14.60
14.60
14.80
14.80
15
15
16
16
16
17
17
17
17
17
17
17
16.50
16.50
16.30
16.30
16.30
16.30
16.30
16.30
16.30
16
16
16
16
16
16.50
16.50
16.50
16.50
16.50
16.50
16.50
16.50
16.50
17
17
16.50
16.50
16.50
16.20
16.20
16.50
16.50
14.70
14.70
14.70
17.50
17.50
16
16
16
16
16
15.50
15.50
17.50
17.50
17
17
17
16.20
16.20
16.50
16.50
15.80
15.80
15.80
17
17
15.20
15.20
15.50
15.50
15.50
15
15
15
15
15
15
15
15.20
15.20
15.20
15.20
15
15
15
15
15
14.80
14.80
14.10
14.10
14.10
14.50
14.50
14.50
14.50
14.50
14.50
14.50
15
15
14.80
14.80
14.80
14.80
14.80
14.70
14.70
14.50
14.20
14.20
14.20
14.20
14.20
14.80
16.50
16.50
16.30
16.30
16.30
16.50
16.50
16
15.10
15
15
15
14.70
14.70
14.50
14.50
14.50
14.50
14.50
14.50
14.50
14.50
14.50
14.50
14.80
14.80
14.70
14.80
14.70
14.70
14.80
14.80
14.80
14.80
14.70
14.70
14.60
14.60
14.50
14.50
14.40
14.50
14.50
14.30
14.30
14.30
14.30
14.30
14.20
14.20
14
14
14
14
13.80
13.80
13.80
13.80
13.80
14
14
14
14
13.90
13.90
13.90
13.90
13.70
13.70
13.80
13.80
14
14
14
14.10
14.10
14.10
14.30
14.30
14.60
14.80
15
15
15
15
14.90
14.90
14.90
14.90
14.80
14.80
14.80
14.80
14.80
14.80
14.80
14.80
14.80
14.80
14.80
14.80
14.80
14.80
14.80
14.80
14.80
14.80
14.80
14.80
15
14.90
15.20
15.20
15.30
15.30
15.60
15.80
16
16.50
16.60
16.60
16.40
16.60
16.60
16.60
16.40
16.30
16.30
16.30
16.20
16.20
16.20
16.20
16.20
16.20
16.20
16.20
16.20
16.20
16.30
16.30
16.60
16.60
16.60
16.60
16.60
16.60
16.60
16.60
16.60
16.60
16.60
16.60
16.60
16.60
16.60
16.60
16.70
17
17
17
16.80
17
17
17
17
17
17
17.50
17.50
17.50
18.50
18.70
19.50
19.50
19.50
20
20
20
20.50
22
22.50
22.50
22.50
22.50
22.50
22.50
22.50
22.50
22.80
22.80
22.80
22.80
22.80
23.30
23.30
23.30
23.30
24
24.10
24.30
24.30
24.50
24.50
24.50
24.50
24.50
24.50
24.50
24.50
24.50
24.50
24.50
24.30
24.30
24.30
24.30
24.20
24
24
23
23
23
23
20
20
20
20
20
23
23
24
24
24
24.50
24.50
25
25
26
26
26
26
26
26
26
26
26
26
26
26
26
25.50
25.50
25.50
23
23
22
21
21
21
21
21
21
21
21
21
20
20
19.50
19.50
19.50
19.50
19.50
19.50
19
19
19
18
18
18
18
18
17
17
17
17
17
17
17
17
17
16.50
16.50
16.50
16.50
16.50
16.50
16.50
16
16
16
16
16
16
15.20
15.20
15.20
15.20
15.20
15.20
15.20
15.20
15.20
15.20
15.20
15.20
15
15
15
15
14.60
14
14
15.20
15.20
15.20
15.20
15.20
15.20
15
15
15
15
15
15
15
15
15
15
14.50
14.50
14.50
14.30
14.40
14.40
14.40
14.40
14.50
14
14
14
14.30
14.30
14.30
14.30
14.30
14.30
15.50
15.50
15.20
15.20
15.20
15.20
15.20
15.20
15.20
15.50
15.50
15.50
15.30
15.30
15.30
15.30
15.30
15.30
14.80
14.70
14.70
14.70
14.70
14.70
14.70
14.70
14.70
14.70
14.70
14.80
14.80
14.60
14.60
14.30
14.80
14.80
14.80
14.30
14.50
14.50
14.50
14.50
14.50
14.50
14.50
15
15.20
14.80
14.80
14.80
14.80
14.80
14.80
14.80
14.80
14.80
14.80
14.80
14.80
14.80
14.80
14.80
14.80
14.80
14.80
15
15
15
15
15
15
15
15
15
15
15.10
15.10
15.10
15.10
15.10
15.20
15.20
15
15.50
15.50
15.50
15.50
15.50
15.50
15.50
15.50
16.80
16.80
16.80
16.80
16.80
16.50
16.50
16.50
16.50
16.50
16.50
16.50
16.20
16.20
16
16
16
16
16
16
16
16
16
16
16
16
16
15.80
15.80
15.80
15.80
15.80
15.80
15.80
15.80
15.80
15.80
15.80
16
16
17
17
17
17
17
17
17
17
17.20
17.20
17.20
17.20
17.20
17.20
17.20
17.20
17.20
17.20
15.90
15.90
15.80
15.80
15.70
15.70
15.60
15.70
15.70
15.70
15.60
15.60
15.60
15.60
15.50
15.50
15.50
15.50
15.50
15.50
15.50
15.40
15.40
15.40
15.50
15.50
15.50
15.50
15.50
15.50
15.50
15.50
15.70
15.70
15.70
16.30
16.30
16.30
16.70
17
17
17
17
17
17
17
16.80
16.80
16.50
16.50
16.50
16.50
16.50
16.50
16.50
16.50
16.50
16.50
16.50
16.50
16.50
16.50
16.50
16.30
16.30
16.20
16.20
16.20
16
16
16
16
16
16
16
16
16
16
16
15.60
15.60
15.60
15.60
15.60
15.60
15.60
15.60
15.60
15.60
15.60
15.60
15.60
15.60
15.60
15.60
15.60
15.60
15.80
15.80
15.80
15.80
15.80
15.80
15.80
15.80
15.60
15.60
15.60
15.60
15.60
15.60
15.60
15.60
15
15
15
15
14.80
14.80
14.80
14.80
14.80
14.30
14.30
14.30
14.30
14.30
14.30
14.30
14.30
14.30
13.80
13.80
13.80
13.80
13.80
13.80
14
14
14
14
14
14
14
14
14.80
14.80
14.80
15.20
15.20
15.20
16
16
16
16
16
16
16
16
16
14.80
14.80
14.80
14.70
14.70
14.70
14.70
14.70
14.70
14.70
14.80
14.80
14.80
14.80
14.50
14.50
14.50
14.50
14.50
14.50
14.50
14.50
14.50
14.50
14.50
14.50
14.50
14.50
14.50
14.50
14.50
14.50
14.50
14.50
14.50
14.30
14.30
13.80
13.80
13.80
13.80
13.80
13.80
14
14
14
14
14
14
14
14
13.80
14
14
14
14
14
14
14
14
13.80
13.80
13.80
13.80
13.80
14
14
14
14
14
14.30
14.30
14.30
14.30
14.10
14.10
14.10
14.10
13.70
13.70
13.70
13.70
13.70
13.70
13.70
13.70
13.70
13.70
13.70
13.70
13.80
13.80
13.70
13.70
13.70
13.50
13.50
13.30
13.30
13.30
13.30
13.30
13.30
13.40
13.40
13.40
13.40
13.40
13.40
13.40
13.40
13.40
13.40
13.40
13.30
13.30
13.30
13.30
13.30
13.30
13.30
13.30
13.30
13.30
13.30
13.30
13.30
13.30
13.30
13.30
13.30
13.30
13.30
13.30
13.30
13.30
13.30
13.20
13.20
13.20
13.20
13.20
13.20
13.20
13.20
13.20
13.20
13.20
13.20
13.20
13.20
13.20
13.20
13.20
13.20
13.20
13.20
13.20
13.20
13.20
13.20
13.30
13.30
13.30
13.30
13.30
13.30
13.30
13.30
13.30
13.30
13.30
13.30
13.30
13.30
13.30
13.20
13.20
13.20
13.20
13.20
13.20
13.20
13.20
13.20
13.20
13.20
13.20
13.20
13.30
13.30
13.80
13.80
14.30
14.30
14.30
14
14
13.80
13.80
13.80
13.80
13.80
13.80
13.80
13.70
13.70
13.70
13.70
13.70
13.60
13.60
13.60
13.60
13.90
13.90
13.90
13.90
13.90
13.90
13.90
13.90
13.90
13.90
14.50
14.50
14.50
14.80
14.80
14.80
14.80
14.80
14.80
14.80
14.80
15
15
15
15
15
15
15
15
15
15.20
15.20
15
15
15.10
15.10
15.10
15.10
15.20
15.20
15.20
15.20
15.20
15.20
15.20
15.40
15.40
15.40
15.40
15.40
15.20
15.20
15.40
15.40
15.40
15.40
15.40
15
15
15
15
15
15
14.70
14.70
14.70
14.70
14.70
14.70
14.70
14.50
14.50
14.50
14.50
14.50
14.30
14.30
14.30
14.30
14.30
14.30
14.30
14.30
14.70
14.70
14.70
14.70
14.70
15.50
16
16
16.50
16.50
18
18.30
18.30
18
18
18
17
17
17
17
17
17
17
17
17
16.50
16.50
16.50
16.50
16
16
16
16
16
16
16
15.60
15.60
15.60
15.60
15.60
15.60
15.60
16
16
16
16
16
16
17
17
17
17
17
17
17
17
17
17
17
17
17
17
18
18
18
18
18
18
18
18
18
18
18
18
18
18
18
18
20
20
20
20
20
20
20
16
16
16
16
16
16
16
16
16
16
15
15
15
15
15
16
16
16
16
16
16
16
16
16
16
16
16
16.50
16.50
16.50
16.50
16.50
16.50
16.50
16.40
15.50
15.50
15.50
15.50
15.60
15.60
16
16
16
16
16
16
16
15.70
15.70
15.20
15.20
15.20
15.20
15.20
15.20
15.20
15.20
15.20
15.20
15
15
14.80
14.80
15.20
15.20
15.20
15.20
15.20
14.20
14.20
14
14
14
14
14
14
13.80
13.80
13.90
13.90
13.90
13.90
13.80
13.80
13.80
13.70
13.70
13.70
13.70
13.70
13.70
13.70
13.70
13.70
13.60
13.60
13.60
13.60
13.60
13.60
13.60
13.60
13.60
13.60
13.60
13.60
13.60
13.50
13.50
13.50
13.50
13.50
13.50
13.50
13.50
13.60
13.60
13.80
13.80
14
14
14.20
14.20
14.20
14.20
14.20
14
14
14
13.90
13.90
13.90
13.80
13.90
13.90
13.90
13.90
13.90
13.70
13.70
13.70
13.70
13.70
13.80
13.80
13.80
13.70
13.70
13.60
13.60
13.60
13.60
13.60
13.50
13.50
13.50
13.50
13.50
13.50
13.50
13.50
13.50
13.50
13.50
13.50
13.50
13.30
13.20
13.20
13.30
13.30
13.30
13.30
13.30
13.20
13.20
13.20
13
13
13
13
13
13
13
13
13
13
13
13
13
13
13
13
13
13.10
13.10
13.10
13.10
13.10
13.10
13.10
13.10
13
13
12.80
12.80
12.80
12.80
12.80
12.80
12.80
12.80
12.80
12.80
12.80
12.80
12.80
12.80
12.80
12.80
12.80
12.80
12.70
12.70
12.70
12.70
12.70
12.70
12.70
12.70
12.70
12.70
12.70
12.60
12.60
12.60
12.60
12.60
12.60
12.60
12.60
12.60
12.60
12.70
12.70
12.70
12.70
12.70
12.70
12.70
12.60
12.60
12.60
12.60
12.60
12.60
12.60
12.60
12.60
12.60
12.50
12.50
12.50
12.50
12.50
12.50
12.50
12.50
12.50
12.50
12.30
12.30
12.30
12.30
12.30
12.30
12.30
12.60
12.60
12.60
12.60
12.60
12.60
12.60
12.60
12.30
12.30
12.30
12.20
12.20
12.20
12.20
12.20
12.20
12.20
12.20
12.30
12.30
12.30
12.30
12.30
12.30
12.30
12.30
12.20
12.20
12.20
12.20
12.20
12.20
12.20
12.20
12.20
12.20
12.10
12.10
12.10
12.10
12.10
12.10
12.10
12.10
12.10
12.10
12.10
12.10
12.10
12
12
12
12
12
12
11.90
11.90
12.20
12.20
12.70
13.20
13.20
13.20
13.70
13.70
13.60
13.60
13.60
13.50
13.50
13.50
13.50
13.50
13.50
14
14.20
14.40
14.50
14.50
14.40
14.40
14.40
14.40
14.40
14.40
14.40
14.40
14.40
14.40
14.40
14.40
14.30
14.30
14.30
14.30
14.30
14.30
14.30
14.30
14.30
14.30
14
14
14
13.90
13.90
13.90
13.90
13.90
14.20
14.20
14.30
14.30
14.30
14.30
14.30
14.30
14.30
14.30
14.10
14.10
14.10
14.10
14
14
13.90
13.90
13.90
13.90
13.90
13.90
13.90
13.90
13.90
14
14
14
14
14
14
14
14
14
13.80
13.80
13.80
13.70
13.70
13.70
13.70
13.70
13.70
13.70
13.60
13.60
13.40
13.40
13.40
13.40
13.40
13.30
13.30
13.30
13.30
13.30
13.30
13.30
13.30
13.30
13.30
13.20
13.20
13.20
13.20
13.20
13.20
13.20
13.10
13
13
13
13
13
13
13
13
13
13
13
13
13
13
13
13
13
13
13
13.10
13.10
13.10
13.10
13.10
13.10
13.10
13.10
13.10
13.20
13.20
13.20
13.20
13.20
13.20
13.20
13.20
13.20
13.20
13
13
13
13.20
13.20
13.20
13.20
13.20
13.20
13.20
12.90
12.90
12.70
12.70
12.70
12.60
12.60
12.60
12.50
12.50
12.50
12.50
12.50
12.50
12.50
12.50
12.50
12.40
12.30
12.30
12.30
12.20
12.20
12.20
12.20
12.20
12.20
12.30
12.30
12.30
13
12.50
12.80
12.80
12.80
12.80
12.80
12.80
12.80
12.80
12.80
12.80
12.80
12.80
12.80
12.80
12.80
12.80
12.80
12.80
12.80
12.80
12.80
12.80
12.80
13.80
13.80
13.80
13.80
13.80
13.80
13.80
14
14
14
14
14
14
14
14
14
14
14
14
14
14
14
14
14
14
13.80
13.80
13.80
13.80
13.80
13.80
13.60
13.60
13.60
13.60
13.60
13.60
13.60
13.60
13.60
13.60
13.60
13.60
13.50
13.50
13.50
13.50
13.50
13.50
13.50
13.50
13.50
13.50
13.50
13.50
13.50
13.50
13.50
13.50
13.20
13.20
13.20
13.20
13.20
13.20
13.20
13.20
13.20
13.30
13.30
13.30
13.50
13.50
13.50
13.50
13.50
13.50
13.50
13.50
13.50
13.50
13.80
13.80
13.80
14
14
14
14
14
14
14
14
14
14
14
14
14
14
13.80
13.80
13.80
13.80
13.80
13.80
13.80
13.80
13.80
13.80
13.80
13.60
13.60
13.60
13.60
13.60
13.30
13.30
13.30
13.30
13.30
13.30
13.30
13.30
13.30
13.30
13.50
13.50
13.50
13.20
13.20
13.20
13.20
13.30
13.30
13.50
13.50
13.50
13.50
13.50
13.50
13.50
13.50
13.50
13.50
14
14
14.20
14.30
14.60
14.80
14.80
15.70
15.70
15.70
15.50
15.20
15.20
14.90
15
15
15
15
15
15
16
16
16
16
16
16
16
15.50
15.50
14.80
14.80
14.80
14.80
14.80
14.80
15
15
15.20
15.50
15.50
15.50
15.50
15.50
15.50
15.50
15
15
15
15
15
15
15
15
15
15
15
15
15
15
14.20
14.20
14.20
14.20
14.20
14.70
14.70
14.70
14.70
14.70
14.70
14.50
14.50
14.50
14.50
14.50
15
15
15
15.50
15.80
15.80
15.50
15.50
15.50
15.50
14.50
14.50
14.50
14.50
14.50
14.20
14.20
14.20
14.20
14.20
14.20
14.20
14.20
14.10
14.10
14.60
14.10
14.10
14.10
14.10
14
14
14
13.90
13.90
13.80
13.80
13.80
13.70
13.50
13.30
13.30
13.10
13.20
13.20
12.80
12.80
12.80
12.80
12.70
12.60
12.60
12.60
12.60
12.60
12.50
12.50
12.50
12.50
12.60
12.50
12.50
12.50
12.50
12.50
12.50
12.50
12.30
12.30
12.20
12.20
12.20
12.10
12
12.10
12.10
12
12
12
12
12.10
11.90
11.90
11.90
11.90
11.90
11.90
11.90
11.90
11.90
11.90
11.80
11.80
11.90
11.90
11.80
11.80
11.80
11.60
11.60
11.60
11.60
11.60
11.60
11.60
11.50
11.50
11.50
11.50
11.50
11.50
11.70
11.70
11.70
11.70
11.70
11.80
11.80
11.80
11.80
11.70
11.70
11.80
11.80
11.80
11.80
11.80
11.80
11.80
11.80
11.80
11.80
11.80
11.80
11.90
11.90
11.90
11.90
11.90
11.90
12
12
12
12.20
12.20
12.50
12.60
13.60
13.60
13.60
13.60
13.60
13.60
13.60
13.60
13.60
13.60
13.50
13.50
13.50
13.50
13.50
13.50
13.50
13.50
13.50
13.50
13.50
13.50
13.50
14
14
14
14
14
14
14
14.30
14.50
15
15
15.20
16
16.20
16.20
16.20
16.20
16.20
16.20
16.20
16.20
16.20
16.20
16.20
16.20
16.20
16.20
16.20
16.20
16.20
16.20
16.20
16.20
16.20
16.20
16.20
16.20
16.20
16.20
16.20
15.80
15.80
15.80
15.80
15.80
15.80
16
16
16
15.80
15.80
15.80
15.80
15.80
15.80
15.50
15.50
15.50
15.50
15.50
15.50
15.50
15.50
15.50
15.30
15.30
15.30
15.30
15.30
15.50
15.50
15.80
15.80
15.80
15.80
15.80
15.80
15.80
15.80
15.80
15.80
15.80
15.80
15.80
15.80
15.80
15.80
15.80
15.60
15.50
15.50
15.50
15.70
15.80
16
16
16.20
16.20
16
16
16
16
16
16
15.80
15.80
15.70
15.80
15.50
15.50
15.80
15.80
15.80
15.80
15.80
15.80
15.80
15.80
15.80
15.80
15.80
15.80
15.80
15.80
15.80
15.80
15.80
15.80
15.80
15.80
15.80
15.80
15.80
15.80
15.80
15.80
15.80
15.80
15.80
15.50
15.50
15.50
15.30
15.20
15.20
15.20
15.20
15.10
15.10
15
15
15
15
15
15
15
15
15
15
15
15
15
15
15
15
15
15
15
15
15
15
15
15
15
15
15
15
15
15
15.20
15.20
15.20
15
15
15
15
15
15
15
15
15
15
15
15
15
15
14.70
14.70
14.70
14.60
14.60
14.50
14.50
14.50
14.30
14.20
14.20
14
14.10
14.10
14.10
14.10
14.10
14.10
14.10
14.10
14.10
14
14
14
14
14
13.80
13.80
13.80
13.80
13.80
13.80
13.80
13.70
13.70
13.60
13.60
13.60
13.60
13.60
13.60
13.50
13.50
13.50
13.50
13.50
13.50
13.50
13.50
13.50
13.50
13.50
13.20
13.10
13
12.80
12.80
12.80
12.80
12.80
12.80
12.80
12.80
12.70
12.70
12.70
12.70
12.70
12.70
12.70
12.70
12.60
12.60
12.50
12.50
12.50
12.50
12.50
12.50
12.50
12.50
12.50
12.50
12.50
12.50
12.50
12.50
12.50
12.40
12.40
12.10
12
11.90
11.90
11.80
11.80
11.80
11.80
11.80
11.80
11.80
11.80
11.80
12
12
12
12.10
12.30
12.30
12.30
12.30
12.30
12.30
12.30
12.50
12.60
12.60
12.60
12.60
12.50
12.50
12.50
12.50
12.50
12.50
12.50
12.50
12.50
12.50
12.80
12.80
12.80
12.80
12.80
12.80
12.80
12.80
12.80
12.80
12.80
12.80
12.80
12.80
12.80
12.80
12.80
12.80
12.80
12.80
12.80
12.80
12.80
12.80
12.80
12.70
12.70
12.70
12.70
12.70
12.70
12.80
12.80
12.80
13
13
13
13
13
13.10
13.10
13.10
13.10
13.10
13.10
13.10
13.20
13.20
13.20
13.20
13.20
13.20
13.20
13.20
13.20
13.20
13.20
13.20
13.20
13.20
13.20
13.20
13.20
13.20
13.20
13.20
13.20
13.20
13.20
13.30
13.30
13.30
13.40
13.40
13.50
13.50
13.50
13.50
13.50
13.50
13.50
13.70
13.70
13.90
14
14
14
14
14
14
14
14
14
14
14
14
14
14
14
13.90
13.70
13.70
13.70
13.70
13.60
13.60
13.60
13.60
13.60
13.60
13.50
13.50
13.50
13.50
13.50
13.50
13.50
13.50
13.50
13.50
13.50
13.50
13.50
13.50
13.50
13.50
13.50
13.50
13.50
13.50
13.50
13.50
13.50
13.50
13.50
13.50
13.50
13.50
13.50
13.50
13.50
13.50
13.50
13.50
13.50
13.50
13.50
13.50
13.80
14.50
14.80
14.80
14.80
14.80
14.70
14.70
14.60
14.60
14.60
14.60
14.60
15
15.50
16
16
15
16
16
16
16
16
16
16
16
16
16
16
15.80
15.50
15.30
15.30
15.30
15.30
15.30
15.50
15.50
15.50
15.50
15.50
15.50
15.50
15.30
15.20
15.20
15.20
15.20
15.20
15.20
15.20
15
15
15
15
15
15
15
15
15
15
15
15
15
15.20
15.30
15.30
15.30
15.70
15.80
15.80
15.80
15.80
15.80
15.80
15.80
15.80
15.80
16
16
16
16
16.50
16.50
17
17
17
17
16.50
16.50
16.50
16.50
16.50
16.50
16.50
16.50
16.50
16.50
16.50
16.50
16.50
16.50
16.50
16
15.50
15.50
15.30
15.30
15.30
15.20
15.20
15
15
15
15
15
15
14.80
14.60
14.60
14.60
14.60
14.60
14.60
14.60
14.60
14.60
14.60
14.60
14.60
14.60
14.60
14.60
14.60
14.60
14.50
14.50
14.50
14.50
14.50
14.50
14.30
14.30
14.20
14.20
14
14
14
14
14
13.80
13.80
13.80
13.80
13.80
13.80
13.80
13.80
13.70
13.60
13.60
13.50
13.50
13.50
13.50
13.50
13.50
13.50
13.50
13.50
13.50
13.70
13.80
13.80
13.80
13.80
13.80
13.80
13.80
13.80
13.70
13.70
13.70
13.70
13.70
13.70
13.60
13.60
13.60
13.60
13.60
13.60
13.60
13.60
13.60
13.60
13.60
13.60
13.50
13.50
13.50
13.50
13.50
13.50
13.50
13.50
13.50
13.50
13.50
13.50
13.50
13.50
13.50
13.50
13.50
13.50
13.50
13.70
13.70
13.70
13.70
13.70
13.70
13.70
13.30
13.30
13.30
13.30
13.30
13.50
13.50
13.50
13.50
13.50
13.60
13.60
13.70
13.70
13.70
13.70
13.70
13.70
13.70
13.70
13.70
13.70
13.70
13.70
13.80
13.80
13.80
13.80
14
14.50
14.80
15
15.30
15.30
15.20
15
15
15
15
14.80
14.80
14.80
15
15.30
15.50
15.50
15.50
15.50
16
16.50
16.50
16.50
16.50
16.50
16.50
16.50
16.60
16.80
16.80
16.60
16.60
16.30
16.30
16.30
16.30
16.30
16.30
16.30
16.30
16.30
16.30
16.30
16.30
16.30
16.30
16.30
16.30
16.30
16.30
16.30
16.30
16.30
16.30
16.30
16.30
16.20
16.20
16.20
16.10
16.10
16
16
16
16
16
16
16
16
16
15.80
15.80
15.80
15.80
15.80
15.80
15.80
15.80
15.80
15.80
15.80
15.80
15.80
15.80
16
16
16
16
16
16
16
16
16
16.30
16.30
16.30
16.30
16.30
16.30
