-7.594851215592764160e-02
-6.414092028855516991e-02
-6.375411329597924226e-02
-8.713623136744759468e-02
-9.256186933661859906e-02
-7.687135565063564491e-02
-4.885226381511784816e-02
1.717554987651348508e-02
-2.149000465817832439e-02
-2.546705042499085303e-02
-3.549491553469442257e-02
-1.449292638572555192e-01
-1.112759806379626792e-01
-6.753246051373007486e-02
-9.325160165670287604e-02
-8.002979376959383495e-02
-4.425924042678152509e-02
-9.764006553991838588e-02
-8.551896605410232166e-02
-6.030395467724242176e-02
-4.129509919658786582e-02
-1.505889342314479795e-01
-1.364889350339422158e-01
-6.371565065342735257e-02
-2.942503152074033013e-01
-3.552580731585968099e-01
-2.057972114276957476e-01
4.534099709959457658e-02
7.989525523070864499e-02
-4.747068200036646396e-02
7.564064719542366866e-02
6.356802864254144925e-02
-3.998542219353654059e-03
-1.297885452245517435e-04
-3.217539293660062749e-02
-1.087826221704480539e-01
1.418058528799671925e-02
-6.025173289937701959e-02
-1.287683142589714502e-01
-2.063455877525110505e-01
-2.171891494076001461e-01
-1.883183404194795629e-01
-2.388663677306517852e-01
-2.101454558149997154e-01
-6.541705212621912180e-02
-2.257214920486771137e-01
7.385925107389859634e-02
1.360642072492510013e-01
2.725492274188282549e-01
2.459834679715866002e-01
1.454321336433925804e-01
1.388501347706885825e-01
1.648643975919554250e-01
-2.803217053318871610e-01
-2.233283345393362596e-01
-4.259694729843027661e-01
-3.212021272504514968e-01
-1.735286878048704351e-01
-2.082233873061780927e-01
-1.102761048692582485e-01
-4.934073668792719053e-02
-3.343252211607626589e-02
8.076285079915382359e-03
-1.231353935636808755e-01
-9.784285755442732879e-02
-6.397260255233994108e-02
-4.017117033593001207e-02
-4.651630285905127699e-02
3.107883080603322801e-02
3.909273061170993879e-02
2.745039510553953788e-02
-5.486444096405612703e-02
-7.085193720698063080e-02
-2.079805536230799889e-01
-2.216615315684369591e-01
-2.222134649154211827e-01
-1.365206282400222015e-01
-1.268267872558769271e-01
-7.793440869148725303e-02
-6.936393743479105090e-02
-3.215332332333707688e-02
-2.502016614862807853e-02
-6.032903864454001314e-02
4.837886653148285032e-03
-2.222363361056717279e-03
-4.693308422934075463e-02
-1.045039940553470076e-01
-8.881504531661220392e-02
-2.058967001521078144e-01
-1.998880981374436816e-01
-1.823566298665566521e-01
-2.471667023443331612e-02
-6.040733072964105804e-02
-1.651885442187605579e-01
-1.241569461603412583e-01
-1.636624080931430580e-01
-2.053095297900447147e-01
-2.057722429811583154e-01
-1.659115839459777419e-01
-1.227326059983226136e-02
3.552146596241588516e-02
6.101063081354635154e-02
2.613591969002908300e-02
-4.474671236730355661e-02
3.929774605145788802e-02
7.628169517351574003e-02
6.732675151055705909e-02
-2.343173883683469239e-02
-1.032195394815305090e-03
-5.058183396268747106e-02
-5.637291228208139715e-02
-2.090248103977069560e-01
-1.288795878940037776e-01
-1.980906706725951705e-01
-1.724290498199334554e-01
-1.691896489982379070e-01
-1.487932743235954591e-01
-7.482271967609159524e-02
-3.667291116407887797e-02
-2.202355877433573306e-03
-2.716339463254965197e-02
7.451845974838874898e-03
-1.123048037200166521e-01
-6.988949174236776252e-02
-1.303831336159834153e-01
-5.209395708290170957e-02
1.160508828925488345e-03
-6.193292815483841807e-02
-9.200023992188577360e-02
-5.312191418141597177e-02
-1.035630155059167612e-01
-1.016076326220854281e-01
-1.186663243231009107e-01
-1.006264219882628680e-01
-7.080034703990495393e-02
-1.003757387887549146e-01
-6.478151251811857525e-02
-5.843784216617627092e-02
-7.976846525976130642e-02
-9.323745196800267698e-02
-7.351485736952496908e-02
-9.233181559467554256e-02
-1.090970424536608779e-01
-1.177226646389453873e-01
-9.268445496861252297e-02
-8.298419820480135156e-02
-1.077438806092795853e-01
-1.068139128678193134e-01
-1.045372648638771829e-01
-1.134149798069418735e-01
-1.006295491305793377e-01
-9.725475041645431640e-02
-8.151889349330625201e-02
-9.480641432577187333e-02
-1.182507007698494900e-01
-1.103781132662365605e-01
-9.028485766128077628e-02
-1.087171165067375711e-01
-8.091970891897262708e-02
-7.759097567896768022e-02
-5.518284867840653196e-02
-6.921241090358933035e-02
-6.858923651761857088e-02
-7.054110032358591742e-02
-6.718189706584166976e-02
-8.013997341801647190e-02
-8.899114861488764683e-02
-8.595518469988965016e-02
-9.835708914181895413e-02
-9.993558534742492949e-02
-1.118544763994452906e-01
-8.144991777367838193e-02
-1.019138364951023279e-01
-1.174399332156859099e-01
-7.780399048935414397e-02
-8.154428419295370323e-02
-9.213416718384327686e-02
-1.156761399461646439e-01
-8.782436642796617732e-02
-9.123322544731439498e-02
-9.920749445175267023e-02
-1.100360297024577660e-01
-2.483872219516028435e-03
-4.175900087118866733e-02
-4.547856951533495173e-02
-6.364245902062047600e-02
-4.312530936626857159e-02
-5.711477169993023351e-02
-7.395981425747015503e-02
-5.171832277749514178e-02
-3.697611920877193203e-02
-2.790584391901466260e-02
-7.975210649628092230e-02
-9.320599364610433757e-02
-1.144448631862191035e-01
-1.129896361702013158e-01
-1.197410472554271549e-01
-9.112399574222559973e-02
-8.610965471955626949e-02
-8.586936210664518343e-02
-8.586717237621915855e-02
-8.848912147205836853e-02
-8.474825615112006882e-02
-7.575914042230288969e-02
-7.905052395933760689e-02
-5.297616920621227299e-02
-6.542981272422662697e-02
-8.650072788412645208e-02
-4.760163884060188838e-02
-6.309050020107251355e-02
-6.063086954962551567e-02
-1.155349620748392786e-01
-8.770899507625389002e-02
-1.111605373280286080e-01
-1.003407630040226151e-01
-8.599585724898761718e-02
-8.984751007918953536e-02
-5.422521736595657671e-02
-5.248942588798261727e-02
-7.556107276925413951e-02
-1.177589524795337184e-01
-1.470312353902336056e-01
-8.021064001835562229e-02
-2.057235026600790634e-02
-9.129872716368432617e-02
-7.703252913045532946e-02
-5.464620197119447742e-02
-6.723721469632634729e-02
-4.957418622604155278e-02
-8.046056375986586351e-02
-3.713812634638109095e-02
-5.931872480470300191e-02
-8.983943549353559654e-02
-1.127520314984251371e-01
-8.667896218771339867e-02
-7.846051453374490448e-02
-7.468539097112332492e-02
-6.294888001836404512e-02
-7.167500150024225247e-02
-5.890386056132920767e-02
-1.530540026082790883e-01
-1.398104600523258911e-01
-1.897988909964647974e-01
-1.966093179067729402e-01
-1.980646758446806266e-01
-2.234102648936550917e-01
-1.761786154866751275e-01
-1.871373927411885685e-01
8.393209877926258167e-03
1.329619301369473761e-02
-1.642495103739566309e-03
-1.724460919468560893e-02
-2.056967724375659973e-02
-4.471988600782100809e-02
-1.057510826708440016e-01
-9.060530278744974297e-02
-9.999749335935673167e-02
-6.368396109508987768e-02
-1.153443117723915584e-01
-5.760954997272381417e-02
-1.132534809784299379e-01
-1.138269530392746476e-01
-6.953034937788939163e-02
-8.454281922786090198e-02
-9.826015376943483814e-02
-1.066959880707012837e-01
-1.504324849252144380e-01
-1.226872980289846482e-01
-1.510621063760720362e-01
-1.998672140015555487e-01
-8.716584063006524441e-02
-5.731856197889072246e-02
-1.079311817458364353e-03
-9.698738079622654107e-02
-1.523098308759115449e-01
-7.698741445920395665e-02
-1.563565148415929085e-01
-2.038407068922957199e-01
-1.427506567326854714e-01
2.031365157119399689e-02
8.984656089571343984e-02
2.045561989605892972e-02
-3.824522991440718056e-03
6.060372435668903712e-02
2.977382639470700643e-02
-1.232875794871893249e-02
-5.281001447413029293e-02
-6.307623816171048503e-02
-8.745725236814770598e-02
-1.072900671321614235e-01
-1.257124421362018629e-01
-1.559632277747484141e-01
-1.635766878581725869e-01
-1.153411887666430102e-01
-1.183000507535389989e-01
-1.277865790905210186e-01
-1.419914561326553748e-01
-6.589943833742860357e-02
-7.091734810643272879e-02
-8.112954692637081022e-02
-8.764076289830538546e-02
-3.475364603102943512e-02
-3.034374722127913121e-02
-5.685617393250294582e-02
-7.347320556312134099e-02
-6.002842520583587249e-02
-1.014776535379303679e-01
-1.095999688449744019e-01
-1.063393997851395378e-01
-1.130848436729955109e-01
-1.049642524176677139e-01
-1.203091104649812448e-01
-1.332349627656536639e-01
-8.713674933507231657e-02
-2.859785897451644354e-02
-3.123573846345849281e-02
-1.844372274205505202e-02
5.548253647776552056e-02
1.024540140919710518e-01
-2.830614891094853508e-02
2.510288856108661149e-02
3.941660492003354332e-03
9.462281074529704794e-03
-2.783593705590264311e-01
-2.886024084054923389e-01
-3.142872965805664776e-01
-3.234703899673953553e-01
-3.899714370518546636e-01
-8.664394260828836569e-02
-3.706281806823736452e-02
5.132860251429399723e-02
-5.314269404582035866e-02
-2.698154483183261981e-02
-3.484858360259597554e-02
-1.308137605352863719e-01
-1.164946446758127474e-01
-1.829608378949757475e-01
-5.535102295872963707e-02
-4.957507115080265342e-02
-1.276839040983528406e-01
-1.074744561900821960e-01
-1.416421621893545479e-01
1.354384089191504326e-02
-9.350002316054165097e-03
-2.291306907342697402e-02
-4.713176905403364952e-02
-8.812822276898218954e-02
4.033340692944589745e-02
-6.331845974852537418e-02
-6.172016606672240530e-02
4.775009214620379305e-02
8.863778607086728045e-02
1.418029487909278075e-01
-1.297066996559919916e-01
-5.857676282561877917e-02
-1.246792761242395547e-01
-1.380262070790174156e-01
-2.264098582736846776e-01
-1.819682713144312736e-01
-1.493199257092501508e-01
-1.033257231451868013e-01
-1.106202192268532641e-01
-1.259979826432541250e-01
-6.164796506137103227e-02
-2.933799665368454213e-02
-7.594851263115967588e-02
-6.414092066874332865e-02
-6.375411360013177875e-02
-8.713623161077124757e-02
-9.256186953127881756e-02
-7.687135580636485221e-02
-4.885226393970205222e-02
1.717554977684546125e-02
-2.149000473791326526e-02
-2.546705048877923039e-02
-3.549491558572546307e-02
-1.449292638980806402e-01
-1.112759806706229843e-01
-6.753246053985849373e-02
-9.325160167760576657e-02
-8.002979378631625007e-02
-4.425924044015954600e-02
-9.764006555062088033e-02
-8.551896606266436163e-02
-6.030395468409210924e-02
-4.129509920206764911e-02
-1.505889342358318339e-01
-1.364889350374492993e-01
-6.371565065623305268e-02
-2.942503152096478947e-01
-3.552580731603924846e-01
-2.057972114291322929e-01
4.534099709844532922e-02
7.989525522978924155e-02
-4.747068200110198671e-02
7.564064719483523658e-02
6.356802864207070081e-02
-3.998542219730255587e-03
-1.297885455258385168e-04
-3.217539293684165691e-02
-1.087826221706408719e-01
1.418058528784246763e-02
-6.025173289950042088e-02
-1.287683142590701768e-01
-2.063455877525900428e-01
-2.171891494076633455e-01
-1.883183404195301058e-01
-2.388663677306922251e-01
-2.101454558150320506e-01
-6.541705212624500387e-02
-2.257214920486978194e-01
7.385925107388202626e-02
1.360642072492377619e-01
2.725492274188175967e-01
2.459834679715781347e-01
1.454321336433857803e-01
1.388501347706831424e-01
1.648643975919510674e-01
-2.803217053318906027e-01
-2.233283345393390351e-01
-4.259694729843049865e-01
-3.212021272504532732e-01
-1.735286878048718506e-01
-2.082233873061792306e-01
-1.102761048692591644e-01
-4.934073668792791217e-02
-3.343252211607684876e-02
8.076285079914910514e-03
-1.231353935636812502e-01
-9.784285755442762023e-02
-6.397260255234017701e-02
-4.017117033593020636e-02
-4.651630285905142964e-02
3.107883080603310311e-02
3.909273061170984165e-02
2.745039510553945461e-02
-5.486444096405619641e-02
-7.085193720698068631e-02
-2.079805536230800167e-01
-2.216615315684369869e-01
-2.222134649154212105e-01
-1.365206282400222015e-01
-1.268267872558769549e-01
-7.793440869148726691e-02
-6.936393743479106477e-02
-3.215332332333709076e-02
-2.502016614862807853e-02
-6.032903864454001314e-02
4.837886653148285032e-03
-2.222363361056717279e-03
-4.693308422934075463e-02
-1.045039940553470076e-01
-8.881504531661220392e-02
-2.058967001521078144e-01
-1.998880981374436816e-01
-1.823566298665566521e-01
-2.471667023443331612e-02
-6.040733072964105804e-02
-1.651885442187605579e-01
-1.241569461603412583e-01
-1.636624080931430580e-01
-2.053095297900447147e-01
-2.057722429811583154e-01
-1.659115839459777419e-01
-1.227326059983226136e-02
3.552146596241588516e-02
6.101063081354635154e-02
2.613591969002908300e-02
-4.474671236730355661e-02
3.929774605145788802e-02
7.628169517351574003e-02
6.732675151055705909e-02
-2.343173883683469239e-02
-1.032195394815305090e-03
-5.058183396268747106e-02
-5.637291228208139715e-02
-2.090248103977069560e-01
-1.288795878940037776e-01
-1.980906706725951705e-01
-1.724290498199334554e-01
-1.691896489982379070e-01
-1.487932743235954591e-01
-7.482271967609159524e-02
-3.667291116407887797e-02
-2.202355877433573306e-03
-2.716339463254965197e-02
7.451845974838874898e-03
-1.123048037200166521e-01
-6.988949174236776252e-02
-1.303831336159834153e-01
-5.209395708290170957e-02
1.160508828925488345e-03
-6.193292815483841807e-02
-9.200023992188577360e-02
-5.312191418141597177e-02
-1.035630155059167612e-01
-1.016076326220854281e-01
-1.186663243231009107e-01
-1.006264219882628680e-01
-7.080034703990495393e-02
-1.003757387887549146e-01
-6.478151251811857525e-02
-5.843784216617627092e-02
-7.976846525976130642e-02
-9.323745196800267698e-02
-7.351485736952496908e-02
-9.233181559467554256e-02
-1.090970424536608779e-01
-1.177226646389453873e-01
-9.268445496861252297e-02
-8.298419820480135156e-02
-1.077438806092795853e-01
-1.068139128678193134e-01
-1.045372648638771829e-01
-1.134149798069418735e-01
-1.006295491305793377e-01
-9.725475041645431640e-02
-8.151889349330625201e-02
-9.480641432577187333e-02
-1.182507007698494900e-01
-1.103781132662365605e-01
-9.028485766128077628e-02
-1.087171165067375711e-01
-8.091970891897262708e-02
-7.759097567896768022e-02
-5.518284867840653196e-02
-6.921241090358933035e-02
-6.858923651761857088e-02
-7.054110032358591742e-02
-6.718189706584166976e-02
-8.013997341801647190e-02
-8.899114861488764683e-02
-8.595518469988965016e-02
-9.835708914181895413e-02
-9.993558534742492949e-02
-1.118544763994452906e-01
-8.144991777367838193e-02
-1.019138364951023279e-01
-1.174399332156859099e-01
-7.780399048935414397e-02
-8.154428419295370323e-02
-9.213416718384327686e-02
-1.156761399461646439e-01
-8.782436642796617732e-02
-9.123322544731439498e-02
-9.920749445175267023e-02
-1.100360297024577660e-01
-2.483872219516028435e-03
-4.175900087118866733e-02
-4.547856951533495173e-02
-6.364245902062047600e-02
-4.312530936626857159e-02
-5.711477169993023351e-02
-7.395981425747015503e-02
-5.171832277749514178e-02
-3.697611920877193203e-02
-2.790584391901466260e-02
-7.975210649628092230e-02
-9.320599364610433757e-02
-1.144448631862191035e-01
-1.129896361702013158e-01
-1.197410472554271549e-01
-9.112399574222559973e-02
-8.610965471955626949e-02
-8.586936210664518343e-02
-8.586717237621915855e-02
-8.848912147205836853e-02
-8.474825615112006882e-02
-7.575914042230288969e-02
-7.905052395933760689e-02
-5.297616920621227299e-02
-6.542981272422662697e-02
-8.650072788412645208e-02
-4.760163884060188838e-02
-6.309050020107251355e-02
-6.063086954962551567e-02
-1.155349620748392786e-01
-8.770899507625389002e-02
-1.111605373280286080e-01
-1.003407630040226151e-01
-8.599585724898761718e-02
-8.984751007918953536e-02
-5.422521736595657671e-02
-5.248942588798261727e-02
-7.556107276925413951e-02
-1.177589524795337184e-01
-1.470312353902336056e-01
-8.021064001835562229e-02
-2.057235026600790634e-02
-9.129872716368432617e-02
-7.703252913045532946e-02
-5.464620197119447742e-02
-6.723721469632634729e-02
-4.957418622604155278e-02
-8.046056375986586351e-02
-3.713812634638109095e-02
-5.931872480470300191e-02
-8.983943549353559654e-02
-1.127520314984251371e-01
-8.667896218771339867e-02
-7.846051453374490448e-02
-7.468539097112332492e-02
-6.294888001836404512e-02
-7.167500150024225247e-02
-5.890386056132920767e-02
-1.530540026082790883e-01
-1.398104600523258911e-01
-1.897988909964647974e-01
-1.966093179067729402e-01
-1.980646758446806266e-01
-2.234102648936550917e-01
-1.761786154866751275e-01
-1.871373927411885685e-01
8.393209877926258167e-03
1.329619301369473761e-02
-1.642495103739566309e-03
-1.724460919468560893e-02
-2.056967724375659973e-02
-4.471988600782100809e-02
-1.057510826708440016e-01
-9.060530278744974297e-02
-9.999749335935673167e-02
-6.368396109508987768e-02
-1.153443117723915584e-01
-5.760954997272381417e-02
-1.132534809784299379e-01
-1.138269530392746476e-01
-6.953034937788939163e-02
-8.454281922786090198e-02
-9.826015376943483814e-02
-1.066959880707012837e-01
-1.504324849252144380e-01
-1.226872980289846482e-01
-1.510621063760720362e-01
-1.998672140015555487e-01
-8.716584063006524441e-02
-5.731856197889072246e-02
-1.079311817458364353e-03
-9.698738079622654107e-02
-1.523098308759115449e-01
-7.698741445920395665e-02
-1.563565148415929085e-01
-2.038407068922957199e-01
-1.427506567326854714e-01
2.031365157119399689e-02
8.984656089571343984e-02
