-3.096189031286790752e-02
-1.007151615192925821e-02
3.509576799945838231e-03
-4.904673540996191440e-03
-2.130120008580196206e-02
-4.240929742155574722e-02
-4.501531262775223391e-02
-1.761453983758606151e-02
-1.791446244241794508e-02
-8.300189812159677882e-02
-1.441623827553208947e-01
-1.732836924112424182e-01
-1.797597506889086760e-01
-1.650619734204942513e-01
-9.730315799852580494e-02
2.354346703125346218e-01
4.298705021654039560e-01
2.351055837525881653e-01
1.550370378028633478e-01
1.514895646149689024e-01
1.489308739991892505e-01
1.905538115396213008e-03
-1.571195914523305648e-01
-2.566111401949147108e-01
-1.906883078947060328e-01
-1.224148513256983345e-01
-1.417287063611070430e-01
-1.421680420218456864e-01
1.121062687268992025e-01
3.206539511492880190e-01
2.555224052265084311e-01
-2.830014435608871337e-01
3.922993641736399750e-01
1.993161911053075719e-01
5.241520793371694936e-02
6.020506936678304832e-02
3.503464111209341619e-02
1.227630751989778474e-01
1.322705444945674325e-01
1.854094580439958825e-02
5.751135268903901504e-02
1.250414552870955376e-01
1.265895434558955701e-01
1.214045605319665350e-01
-1.311103140654529264e-01
-2.830415718183045826e-01
-1.726156908983452754e-01
-9.249215058391495325e-02
-7.802118163846438748e-02
-6.325123524603477876e-02
1.546047377758134542e-02
4.791564216397658366e-02
4.542224660086862514e-02
7.591889794433659411e-02
7.630617690857523228e-02
8.020296848614476282e-02
8.256976955218454928e-02
-2.138752196928992225e-02
-8.011745065763548057e-02
-3.925388817436059608e-02
-1.992172640909311773e-02
-2.153931060206784251e-02
-7.864803707452648618e-03
9.296050446914760554e-03
3.668462778250569656e-02
-3.954534290241373123e-02
-8.363721511860743030e-02
-5.544076421215483885e-02
-4.310418672720883054e-02
-2.724945670682406632e-02
-2.816755413073109698e-02
-2.231350510968323902e-02
-3.557435404907052096e-02
-6.849562601090440628e-02
-5.843625488624649283e-02
-4.776414880119674716e-02
-8.515882782601999490e-02
-1.217689432048338488e-01
-4.206704886704275975e-02
-1.397779002887329300e-03
-2.893334052648210628e-02
-6.215146464007470506e-02
8.283436634042057323e-02
1.782983463380507227e-01
1.192905846461232988e-01
8.813529760461705220e-02
3.893215522700960857e-02
7.655626737684164199e-03
-4.153063363114278816e-02
-8.819745656729351124e-02
-7.724214117099190147e-02
-8.492196124461870443e-02
-6.686989640432672299e-02
-5.983404794513560998e-02
-1.380305317319668601e-01
-1.666879843653137905e-01
1.492365886804064568e-01
1.133608039755969049e-01
1.553722882542863393e-01
2.538913465376113066e-01
1.608622549388997180e-01
1.690683271235955965e-01
-4.989739527017555965e-02
-2.902609905756748515e-02
-9.578598953691104534e-02
-9.933112556013096173e-02
-4.143689760230419294e-02
-2.702733888247307176e-02
-1.345409123501715249e-03
1.173398401171912853e-02
-3.128085655487182482e-02
5.895309319036268376e-03
9.516909023310760052e-02
1.486186029388871788e-01
1.511605565655773364e-01
1.770902394586416351e-01
1.708979043628212902e-01
1.099328643840478126e-01
-2.028840944723671047e-01
-1.107871198177824978e-01
-6.522440491059626477e-02
-9.599580113421264660e-02
-3.065386382551525679e-02
-2.342240151395618905e-02
2.411884665680339573e-02
-7.532301915168704634e-03
-2.955818786782234142e-02
2.494896685672405232e-02
4.456096843933037011e-02
7.845795985779821513e-02
1.149584237941284892e-01
6.456855534326266799e-02
-9.287953986739737322e-02
-8.157708674691191431e-02
-4.391155938567297551e-02
-3.773647140524682975e-02
-2.831888362612724336e-02
-1.551066919902729414e-02
-3.857490976048780738e-03
-1.197834869001974424e-02
-2.577303479061832797e-02
-3.019034012895709801e-02
-2.774623205044647253e-02
-1.479389462386208366e-02
-8.880000168420333975e-03
-1.939418504693424250e-02
-2.227183206698242143e-02
-2.043767473668923335e-02
-1.084084408651262051e-02
-2.961092751971935999e-02
-3.957578180131374190e-02
-2.512495718976324663e-02
-1.178709635106025069e-02
1.452699018649020526e-02
4.553202699959148225e-02
-1.247302567051290605e-02
-3.536040303408452545e-02
-4.472644658340899776e-02
-3.458784400598281100e-02
-5.913168149667195894e-02
-8.400734593957437379e-02
-2.033777664474540475e-02
-9.267441979847825667e-03
3.376383447561527931e-03
-6.379179085301708851e-02
-6.681418433247028610e-02
-1.493850042064227834e-02
-4.747166107387144895e-03
7.332718614913736471e-03
2.293152233533190393e-02
5.218266493496309666e-02
8.026252689787803651e-02
5.829549829473194833e-02
-2.051511700620203479e-02
-2.308493234823053020e-02
-4.480139704237574155e-02
-5.275753732250804823e-02
-2.345247197363524785e-02
-1.442105660083886458e-02
-1.938551830441852253e-02
-4.463636609688632906e-02
-4.872292255034491731e-02
-4.431360689198959868e-02
-4.877664347798442435e-02
-5.540880420309806514e-02
1.347390793027535526e-02
7.222907010030799047e-02
6.568424596787716951e-02
5.746530296624321327e-02
5.725689640998751079e-02
4.658989772578253641e-02
3.270865000336374562e-02
7.596326768452747215e-03
1.261537810047990045e-02
-3.081676797557759626e-03
-2.057756883557169264e-02
-8.381982227699424914e-03
-7.731036207814127176e-03
-8.968124093657285981e-03
1.128870851825734432e-03
-1.391421066746308284e-02
-2.803577834177413755e-02
-1.817890424415036926e-02
-1.752829546735171565e-02
-1.249023313223387305e-02
-5.050222555717819896e-03
1.936041700152660999e-02
3.359145987171982539e-02
2.405915424797292965e-02
2.349110259031700343e-02
3.128349364979762792e-02
4.217369469870144161e-02
1.170518512137313887e-02
-1.457188599903657539e-02
-4.866987827474932027e-03
-8.116377215275584825e-03
-1.053764607447525226e-03
9.636198017338830357e-03
1.701475525385568247e-02
8.905812795559664083e-03
-2.483370119880438411e-03
-6.758505437859975429e-03
-4.857375485928643391e-03
6.547658490626620531e-03
1.472995310799382271e-03
-2.939023710515922122e-02
-3.592728000043887704e-02
-3.088678371736051573e-02
-3.613847492199389472e-02
-2.741700730087441931e-02
-4.312706124333481883e-02
1.603446449669601592e-02
7.847062202461561886e-02
7.684923103059941585e-02
7.451143330549254984e-02
7.937880379763893879e-02
8.963087661317405141e-02
5.806139536869157208e-02
-1.800417794608668853e-01
-1.548655260177073667e-01
-8.276464772621769383e-02
-9.532573315334018360e-02
-8.560388011574206202e-02
-2.995540915730745407e-02
8.156431049853965151e-03
-6.731238208817102997e-03
-3.146505762752582758e-02
-5.114416879953653794e-02
-3.391944467166377233e-03
2.085089642209997027e-03
2.079063844676514589e-02
6.072948676611240881e-02
2.273660663429455733e-02
8.037427932992696755e-03
9.463540156310444942e-03
-2.927126951352956429e-03
-1.969809140098890271e-02
-2.997035398188203914e-02
-5.121698643545995883e-02
-6.285421440229033152e-02
-6.434037682562888938e-02
-9.639891062926794763e-02
-9.305448116220646493e-02
-9.413792219268565797e-02
-1.854418544062000906e-01
-2.034263160219372257e-01
-1.527416226539362598e-01
6.880599904054868210e-02
2.095098069400818386e-01
1.965019259885020797e-01
1.553517420634316082e-01
2.598190663092830865e-01
1.998530983992270194e-01
1.147604484236393052e-01
1.218202002488559532e-02
-3.443071410978910257e-02
-8.290185116624165795e-02
-1.967677746977930242e-01
-1.919312072152169757e-01
-1.219885020540624754e-01
-1.236080419784221784e-01
-6.556190399382347267e-02
-9.770204415023164488e-03
-2.281764217916588608e-02
-8.288297213503001415e-02
-1.193556460253792084e-01
3.417145848561160826e-02
2.482888355594072838e-01
2.263335124215335725e-01
1.410184729309898188e-01
1.277030110331318358e-01
1.018159921145232738e-01
3.145351371568803206e-02
-2.397194387701314516e-02
4.091688152192080735e-02
1.626786626207411823e-01
1.984824918742189026e-01
1.143040198717748812e-01
3.627880698453856551e-02
-9.611178317996826870e-02
-7.628558849668935771e-02
-3.268307114284864368e-02
-3.713128342690193151e-02
-1.585608621232233173e-02
-7.614776322522600824e-03
4.177281611142001291e-03
2.376732488381059008e-02
2.223539734373672361e-02
1.550299993710182837e-02
2.448606839350498873e-02
3.002224116930373582e-02
3.198633182138986564e-02
3.550741068089248442e-02
3.066583365157185895e-02
2.465604963380833153e-02
2.588578976502400528e-02
2.996424441632344546e-02
3.518470460044724468e-02
3.573428943392824991e-02
3.369579380730319818e-02
3.936764537504997691e-02
4.753350193881342861e-02
6.087568750996832923e-02
2.903028020983203575e-02
-3.355680006537146032e-03
2.611778141194954009e-02
-5.349870820857499654e-03
-1.860949354680392284e-02
-3.312721303336096934e-02
-4.944395909949980683e-02
-2.940553929197238167e-02
-1.246473842558781797e-02
1.106122329067986756e-02
1.757249487459365891e-02
2.975143415786428436e-02
3.834667481084644974e-02
3.854839305005981070e-02
-4.114108351690132920e-02
-5.952687246250044223e-02
-3.532098833288619538e-02
-3.667789011973417168e-02
-2.824971271288142377e-02
-3.429312289365409050e-02
-1.633685745523135585e-02
-6.131911355801240339e-03
-4.065453590239664905e-02
-5.133528820587067443e-02
-3.980107809321390550e-02
-5.585396954844096956e-02
-5.911872648035920719e-02
-5.971386285600217836e-02
-6.854059676950732469e-03
2.282832179246668813e-02
-2.076906703479745701e-04
-2.898544534677321288e-02
-5.636850152682602866e-02
-5.257875333926530226e-02
-8.082228537526704726e-02
-9.271455475209622321e-02
-7.363693307461935400e-02
4.002230423720074676e-02
7.331788467290903388e-02
3.176588383278514116e-02
2.957114550290156768e-02
8.724681089645181659e-03
2.650951428200390772e-02
3.091195322293660563e-02
8.888716640315350720e-03
1.931144656476916494e-02
3.346507788140958006e-02
2.131406754748542062e-02
-2.188580063346775087e-02
-2.804438966512620701e-02
-3.987378394668005671e-02
-7.708464711155950388e-02
-7.307152984098667925e-02
-4.941720550407727175e-02
-5.792928772888646105e-02
-1.005254197786015768e-01
-7.011496110100433332e-02
-1.264599099829048223e-01
-2.421146383525301649e-01
-1.965549758870934194e-01
-1.028543065761490377e-01
-1.880357227847116036e-02
1.609301598583433024e-01
3.875432070299760778e-01
4.574210935088689478e-01
2.233718046816485225e-01
2.482493119711596807e-01
1.891148308989228088e-01
9.550782048576894612e-02
-2.497424283710881765e-01
-3.231590201090397962e-01
-1.558660972695980751e-01
-1.184519403541903076e-01
-1.254958486587926247e-01
-1.890822909390796058e-01
3.919788809056887202e-01
2.419523357422019294e-01
7.465504653999753548e-02
-4.119618849805982141e-01
1.892200294877800781e-01
2.134304887602440637e-01
-8.523981715758674471e-03
-5.091251945885768432e-02
-5.627797375453537539e-03
5.873647713954469746e-02
-1.533423333793797888e-02
-1.468583417065988939e-01
4.030029519020281864e-02
7.586198470117021253e-02
4.359445028335511008e-02
7.155731102502460583e-02
2.656012463343238386e-02
-5.431219142851340109e-02
-5.516930207606090403e-02
-3.507902265978966871e-02
-3.741151466770004097e-02
-3.871457358683234179e-02
-5.941692754953196293e-02
1.732983086521232025e-03
4.896806407076515627e-02
3.874681189711860763e-02
2.099416305036006652e-02
2.728500166436618850e-03
1.277344314890477110e-02
5.266214277285147932e-03
1.019681925772578969e-02
2.182038601534331407e-02
-1.928440605388805421e-02
-3.226726342150662563e-02
1.299307004883625515e-02
2.861450993954724881e-02
5.417613852391842138e-05
-3.489518535179104292e-02
-1.106929999017312177e-01
-1.069737340837892542e-01
-2.028089733360249197e-02
-2.879015193979506462e-02
1.444351356738501901e-01
1.816949616582375360e-01
-4.112891233466612478e-02
-1.004389397069569041e-02
1.267602759637193877e-01
1.062039707839104868e-01
-1.689639214623447627e-01
1.753859095224485631e-01
9.203179722007621966e-02
4.585546759280204748e-02
-1.681299994595578440e+00
-1.618292642699421524e+00
5.839852215136411007e-02
2.137027605022946419e-01
1.244987318485972078e-01
2.430686041020724830e-01
4.829040974641860551e-01
3.361482153807091033e-01
1.447933764258342582e-01
6.597135477780149970e-02
9.346566939728975787e-02
3.469340778367782652e-02
1.141273073819325523e-01
1.484668179758604489e-01
-1.622151609263434990e-01
-1.371143362194294502e-01
7.144653519828033207e-04
5.598270106639156862e-02
1.117554345356036871e-01
7.337522022875568595e-02
2.730109520032404993e-02
1.441422023558274201e-01
2.056771696458007184e-02
-9.755562149229943247e-02
-2.296523092970522428e-01
-1.827028247355074742e-01
-9.498756459257551299e-02
-7.490537334119937163e-02
-1.416930570293393511e-02
2.215614010949679136e-02
1.973893370600496300e-02
1.850299250934041295e-02
4.279036023672137812e-02
8.050172681706617428e-02
1.490561939892464938e-01
1.942983418498054060e-01
1.987302076372867432e-01
1.564453642319274806e-01
1.702038472161586657e-01
3.023868670808548334e-02
-3.204048546121798791e-01
-3.426198161209029203e-01
-1.631271916950840228e-01
-1.173744627213035019e-01
-5.367425176635642892e-02
2.854934326158207331e-02
6.219934967719716740e-02
9.253446116893515594e-02
1.150214303497749530e-01
5.648504229982281855e-03
5.207815893408571789e-02
2.560473669834249788e-02
-6.468453418322574200e-02
-8.833154502371755312e-02
-1.518406110406457510e-01
-1.546213758424348494e-01
-1.478628019089899825e-01
-1.559892551470499211e-01
-1.145357589514169744e-01
-9.948740186059555624e-02
-9.309392889957777972e-02
-3.039088849685171387e-02
1.147518700262510020e-03
6.009712509172057682e-02
1.116214355358698812e-01
5.307603233249662267e-02
5.416352600610335050e-02
2.641768580303770902e-02
2.981894780109675680e-02
1.488404824965104505e-02
-1.342012143835563838e-02
4.860645260533505603e-03
2.558831769408473691e-02
4.955114111510042219e-02
4.302787559007868745e-02
-4.230082871461494920e-02
-4.416805099145756225e-02
-5.185305330733078200e-02
-3.225338836225870309e-02
-5.033721970465530882e-02
-6.767923289337801629e-02
1.014743026098116315e-03
1.905672496193143786e-02
2.974338915486922363e-02
-2.439292026895634874e-02
-7.460169989584550243e-02
-3.821939737583291558e-02
-4.910642914617488475e-02
-6.691713333783197437e-02
-4.377790518708236933e-02
-2.018535707690159026e-02
7.152008019373857182e-03
1.180353010925562669e-02
1.603003675420882831e-02
2.092023422684751235e-02
2.385847473117279349e-02
5.335348198816278892e-02
8.964955383623106344e-02
5.218538549701847579e-02
2.412741900951829652e-02
6.916480093099822146e-02
9.350693456549252769e-02
-3.043028367948387436e-02
-4.146769600057847310e-02
3.688616749662280200e-03
2.448646956151336387e-02
-3.792578418890508313e-02
-4.847629129322752334e-02
4.247278018815092877e-03
2.719879128021918113e-02
-6.315981825391912829e-02
-8.098926742314314919e-02
-2.083729318642225589e-02
-4.503969492414075688e-03
6.937762270171575745e-04
4.974639554930599186e-03
1.722873994236913398e-02
3.171633693454172648e-02
-2.427956288263481439e-03
-2.088058545533110280e-02
-5.723305930339332194e-03
-1.259778556261075683e-02
-7.726694195526701697e-03
3.677820551173899104e-03
1.292162035851754723e-02
1.232684736089916661e-02
1.472999293730581534e-03
-1.352833861585784649e-02
-1.362381487576924677e-02
-5.660984419669879558e-02
-8.669227458081207871e-02
-7.912002034664469829e-02
-4.755287592293992033e-02
-3.846516841240738005e-02
-2.724524958415066797e-02
-3.401117476980390023e-03
5.601389258721434228e-02
1.059737016803318777e-01
4.959434253530998343e-02
4.608407493264547045e-02
4.377399566965381461e-02
9.536861937313309209e-03
-1.722144641630866252e-02
-1.703186821879977032e-03
5.050879305693863758e-03
2.002016365448125446e-02
-1.661874204808627339e-02
-2.251184145170967779e-02
-3.803558450741720276e-02
-5.999907066255018295e-02
-3.448574771802087602e-02
-2.686832516647005842e-02
-1.678966030896128503e-02
-9.651101004793749202e-03
-2.304251282819448632e-03
-6.368699731914034443e-05
-3.937407950521013000e-03
-2.461629154615082790e-03
1.713611542471048200e-03
1.644737775007199324e-03
3.877962952895075768e-03
3.592631029170625327e-03
-7.776670080182877115e-03
-1.417593753920855411e-02
-1.290522613462865772e-02
-1.763359736246386533e-02
-2.009301067354946416e-02
-2.464988381174636548e-02
8.314383507634918319e-03
3.013083819577774825e-02
1.271422046793492869e-02
1.036498963006047755e-02
4.353996863501051647e-03
1.565828389508122816e-03
-8.247743497102454774e-03
-1.313797252491389136e-02
-7.785279733758854875e-03
-7.190614239773305064e-03
-1.073052681051113455e-02
-1.149176249563419079e-02
-1.371699118398070349e-02
-1.453994959727005105e-02
-1.097405926508298463e-02
-1.007389710694221036e-02
-1.202127856930656526e-02
-1.195334966735540905e-02
-1.174310681492683577e-02
-1.152223022058021691e-02
-9.737649424260188744e-03
-9.282221809576378380e-03
-1.021171260203550257e-02
-9.886433703534674988e-03
-9.427209957929762185e-03
-9.351055935393350060e-03
-8.816025756741938113e-03
